,Dtime,sequence,datalength,sndcwnd,sstresh,RTT_in_ms,srtt,ca_state
0,0.0,2729649010,0,8,2147483647,0.0,0,0
1,8.231,2729649011,0,8,2147483647,8.22,65760,0
2,8.259,2729649011,37,8,2147483647,8.22,65760,0
3,12.386,2729649048,0,8,2147483647,7.702,61620,0
4,12.44,2729649048,4,8,2147483647,7.702,61620,0
5,59.032,2729649052,135,8,2147483647,12.562,100503,0
6,63.197,367031288,0,8,2147483647,0.0,0,0
7,67.313,367031289,0,8,2147483647,4.098,32784,0
8,67.365,367031289,37,8,2147483647,4.098,32784,0
9,104.996,2729649187,0,8,2147483647,11.505,92046,0
10,109.078,2729649187,0,8,2147483647,11.505,92046,0
11,109.105,367031326,5792,8,2147483647,4.091,32735,0
12,109.115,367037118,5792,8,2147483647,4.091,32735,0
13,113.898,367042910,1448,8,2147483647,4.179,33435,1
14,114.145,367031326,1448,6,4,4.368,34951,3
15,114.501,367044358,1448,4,4,4.668,37346,3
16,114.623,367045806,1448,4,4,4.772,38183,3
17,117.928,367047254,1448,4,4,4.679,37437,3
18,118.587,367048702,2896,4,4,4.53,36244,0
19,118.651,367051598,1448,4,4,4.467,35739,0
20,122.003,367053046,2896,5,4,4.416,35334,0
21,122.672,367055942,2896,5,4,4.339,34714,0
22,122.76,367058838,1448,5,4,4.31,34483,0
23,126.204,367060286,2896,6,4,4.298,34384,0
24,126.208,367063182,1448,6,4,4.298,34384,0
25,126.732,367064630,2896,6,4,4.268,34147,0
26,130.265,367067526,2896,6,4,4.672,37381,0
27,130.554,367070422,2896,7,4,4.57,36566,0
28,130.827,367073318,2896,7,4,4.509,36079,0
29,130.833,367076214,1448,7,4,4.509,36079,0
30,134.483,367077662,2896,7,4,4.473,35786,0
31,134.716,367080558,2896,7,4,4.434,35474,0
32,134.945,367083454,2896,8,4,4.394,35157,0
33,138.58,367086350,2896,8,4,4.814,38515,0
34,138.652,367089246,2896,8,4,4.733,37869,0
35,138.896,367092142,2896,8,4,4.594,36758,0
36,139.132,367095038,2896,9,4,4.486,35891,0
37,139.136,367097934,1448,9,4,4.486,35891,0
38,142.719,367099382,1448,9,4,4.442,35541,0
39,142.974,367100830,2896,9,4,4.407,35256,0
40,143.212,367103726,2896,9,4,4.397,35179,0
41,143.331,367106622,1448,9,4,4.402,35216,0
42,143.571,367108070,2896,9,4,4.396,35169,0
43,143.685,367110966,2896,10,4,4.415,35325,0
44,146.753,367113862,1448,10,4,4.368,34944,0
45,147.262,367115310,4344,10,4,4.264,34115,0
46,147.629,367119654,4344,10,4,4.191,33535,0
47,147.842,367123998,4344,11,4,4.157,33262,0
48,147.845,367128342,1448,11,4,4.157,33262,0
49,151.03,367129790,1448,11,4,4.172,33380,0
50,151.408,367131238,4344,11,4,4.139,33119,0
51,151.775,367135582,4344,11,4,4.12,32960,0
52,152.147,367139926,4344,11,4,4.143,33150,0
53,152.259,367144270,2896,12,4,4.177,33422,0
54,155.292,367147166,1448,12,4,4.188,33506,0
55,155.533,367148614,2896,12,4,4.162,33299,0
56,155.899,367151510,4344,12,4,4.15,33207,0
57,156.259,367155854,4344,12,4,4.143,33148,0
58,156.625,367160198,4344,13,4,4.191,33533,0
59,156.633,367164542,1448,13,4,4.191,33533,0
60,159.583,367165990,1448,13,4,4.203,33631,0
61,159.949,367167438,4344,13,4,4.192,33536,0
62,160.302,367171782,4344,13,4,4.181,33454,0
63,160.672,367176126,4344,13,4,4.176,33415,0
64,161.033,367180470,5792,14,4,4.217,33738,0
65,163.868,367186262,1448,14,4,4.224,33795,0
66,164.339,367187710,5792,14,4,4.183,33468,0
67,164.834,367193502,5792,14,4,4.172,33376,0
68,165.31,367199294,5792,14,4,4.179,33437,0
69,165.44,367205086,2896,15,4,4.207,33662,0
70,168.251,367207982,1448,15,4,4.229,33836,0
71,168.737,367209430,5792,15,4,4.231,33848,0
72,169.217,367215222,5792,15,4,4.23,33841,0
73,169.706,367221014,5792,15,4,4.231,33852,0
74,169.948,367226806,4344,16,4,4.283,34265,0
75,172.281,367231150,1448,16,4,4.251,34012,0
76,172.791,367232598,1448,16,4,4.224,33796,0
77,173.245,367234046,5792,16,4,4.187,33500,0
78,173.733,367239838,5792,16,4,4.159,33273,0
79,174.088,367245630,5792,16,4,4.162,33303,0
80,174.335,367251422,4344,17,4,4.201,33610,0
81,176.682,367255766,1448,17,4,4.225,33807,0
82,177.51,367257214,7240,17,4,4.173,33384,0
83,178.114,367264454,7240,17,4,4.139,33117,0
84,178.724,367271694,7240,17,4,4.22,33762,0
85,181.081,367278934,4344,18,4,4.274,34195,0
86,181.897,367283278,7240,18,4,4.237,33901,0
87,182.508,367290518,7240,18,4,4.222,33780,0
88,182.751,367297758,1448,18,4,4.198,33585,0
89,183.127,367299206,5792,18,4,4.213,33710,0
90,185.358,367304998,1448,18,4,4.221,33773,0
91,185.934,367306446,7240,19,4,4.219,33757,0
92,186.544,367313686,7240,19,4,4.191,33535,0
93,187.153,367320926,7240,19,4,4.2,33600,0
94,189.758,367328166,5792,19,4,4.244,33957,0
95,190.252,367333958,7240,20,4,4.211,33692,0
96,190.846,367341198,7240,20,4,4.205,33644,0
97,191.464,367348438,7240,20,4,4.206,33655,0
98,191.581,367355678,1448,20,4,4.234,33874,0
99,194.256,367357126,1448,20,4,4.267,34137,0
100,194.738,367358574,5792,20,4,4.433,35466,0
101,195.235,367364366,7240,21,4,4.59,36721,0
102,195.829,367371606,7240,21,4,4.68,37447,0
103,196.433,367378846,7240,21,4,4.721,37770,0
104,196.558,367386086,1448,21,4,4.753,38026,0
105,198.992,367387534,1448,21,4,4.75,38007,0
106,199.582,367388982,7240,21,4,4.632,37063,0
107,200.071,367396222,7240,22,4,4.65,37205,0
108,200.362,2729649187,1,8,2147483647,11.505,92046,0
109,200.672,367403462,7240,22,4,4.643,37145,0
110,201.285,367410702,7240,22,4,4.64,37124,0
111,203.946,367417942,2896,22,4,4.701,37613,0
112,204.567,367420838,7240,22,4,4.731,37853,0
113,204.671,367428078,1448,22,4,4.715,37721,0
114,205.155,367429526,7240,23,4,4.802,38417,0
115,205.383,2729649188,0,8,2147483647,10.695,85567,0
116,205.429,2729649188,4,8,2147483647,10.695,85567,0
117,255.037,2729649192,280,8,2147483647,15.558,124468,0
118,304.989,2729649472,0,8,2147483647,14.131,113051,0
119,309.113,2729649472,0,8,2147483647,14.131,113051,0
120,309.191,2729649472,1,8,2147483647,14.131,113051,0
121,309.201,2729649473,0,8,2147483647,14.131,113051,0
122,313.328,2729649474,0,8,2147483647,12.88,103042,0
