,Dtime,sequence,datalength,sndcwnd,sstresh,RTT_in_ms,srtt,ca_state
0,0.0,3371051551,0,10,2147483647,0.0,0,0
1,0.127,3371051552,0,10,2147483647,0.127,1016,0
2,0.162,3371051552,37,10,2147483647,0.127,1016,0
3,0.211,3371051589,0,10,2147483647,0.113,909,0
4,0.241,3371051589,4,10,2147483647,0.113,909,0
5,46.564,3371051593,135,10,2147483647,5.888,47110,0
6,46.798,1674809612,0,10,2147483647,0.0,0,0
7,46.833,1674809613,0,10,2147483647,0.031,248,0
8,46.851,1674809613,37,10,2147483647,0.031,248,0
9,90.487,3371051728,0,10,2147483647,5.16,41280,0
10,91.345,3371051728,0,10,2147483647,5.16,41280,0
11,91.372,1674809650,7240,10,2147483647,0.028,228,0
12,91.401,1674816890,7240,10,2147483647,0.028,228,0
13,92.438,1674824130,2896,10,2147483647,0.258,2068,1
14,92.559,1674809650,1448,9,5,0.374,2995,3
15,92.8,1674827026,1448,8,5,0.604,4834,3
16,93.04,1674828474,1448,7,5,0.833,6670,3
17,94.257,1674829922,1448,5,5,1.16,9280,3
18,94.373,1674831370,1448,5,5,1.256,10053,3
19,94.63,1674832818,2896,5,5,1.409,11276,0
20,94.752,1674835714,1448,5,5,1.447,11578,0
21,96.071,1674837162,1448,5,5,1.492,11943,0
22,96.31,1674838610,4344,6,5,1.548,12386,0
23,96.553,1674842954,2896,6,5,1.61,12880,0
24,98.298,1674845850,1448,6,5,1.686,13495,0
25,98.548,1674847298,4344,7,5,1.801,14412,0
26,98.901,1674851642,4344,7,5,1.982,15862,0
27,100.475,1674855986,1448,7,5,2.007,16056,0
28,100.837,1674857434,5792,8,5,2.064,16515,0
29,101.2,1674863226,4344,8,5,2.105,16846,0
30,102.675,1674867570,1448,8,5,2.117,16939,0
31,103.022,1674869018,4344,8,5,2.102,16821,0
32,103.263,1674873362,4344,9,5,2.119,16956,0
33,103.505,1674877706,2896,9,5,2.149,17194,0
34,105.442,1674880602,1448,9,5,2.226,17811,0
35,105.803,1674882050,4344,9,5,2.375,19000,0
36,106.048,1674886394,4344,10,5,2.457,19656,0
37,106.421,1674890738,4344,10,5,2.594,20758,0
38,108.358,1674895082,1448,10,5,2.633,21069,0
39,108.832,1674896530,5792,10,5,2.699,21594,0
40,109.195,1674902322,5792,11,5,2.764,22112,0
41,109.446,1674908114,2896,11,5,2.81,22485,0
42,111.628,1674911010,1448,11,5,2.867,22942,0
43,112.124,1674912458,5792,11,5,2.943,23545,0
44,112.595,1674918250,7240,12,5,3.022,24181,0
45,112.838,1674925490,2896,12,5,3.068,24548,0
46,114.768,1674928386,1448,12,5,3.077,24619,0
47,115.04,1674929834,2896,12,5,3.056,24454,0
48,115.566,1674932730,5792,12,5,3.055,24443,0
49,116.16,1674938522,8688,13,5,3.123,24984,0
50,117.924,1674947210,2896,13,5,3.126,25015,0
51,118.735,1674950106,8688,13,5,3.076,24608,0
52,119.268,1674958794,7240,14,5,3.05,24405,0
53,119.343,1674966034,1448,14,5,3.067,24536,0
54,121.873,1674967482,2896,14,5,3.177,25416,0
55,122.608,1674970378,8688,14,5,3.331,26648,0
56,123.086,1674979066,7240,15,5,3.419,27352,0
57,125.399,1674986306,4344,15,5,3.806,30452,0
58,126.151,1674990650,7240,15,5,3.666,29330,0
59,126.722,1674997890,10136,16,5,3.629,29036,0
60,126.848,1675008026,1448,16,5,3.646,29169,0
61,129.515,1675009474,2896,16,5,3.704,29636,0
62,130.228,1675012370,8688,16,5,3.827,30620,0
63,131.188,1675021058,8688,16,5,3.892,31140,0
64,131.219,1675029746,4344,17,5,3.968,31744,0
65,133.501,1675034090,2896,17,5,3.97,31761,0
66,134.22,1675036986,8688,17,5,3.905,31246,0
67,134.958,1675045674,8688,17,5,3.787,30301,0
68,135.321,1675054362,5792,18,5,3.848,30785,0
69,138.226,1675060154,2896,18,5,3.957,31660,0
70,138.955,1675063050,8688,18,5,4.14,33124,0
71,139.706,1675071738,8688,18,5,4.262,34103,0
72,140.171,1675080426,7240,19,5,4.373,34989,0
73,142.727,1675087666,2896,19,5,4.389,35112,0
74,143.686,1675090562,11584,19,5,4.302,34420,0
75,144.64,1675102146,13032,20,5,4.321,34572,0
76,144.776,1675115178,1448,20,5,4.356,34855,0
77,147.938,1675116626,2896,20,5,4.463,35709,0
78,148.676,1675119522,8688,20,5,4.562,36498,0
79,149.636,1675128210,11584,20,5,4.685,37484,0
80,150.241,1675139794,8688,21,5,4.908,39267,0
81,150.35,1675148482,1448,21,5,4.596,36771,0
82,150.604,1675149930,2896,21,5,4.262,34102,0
83,151.084,1675152826,5792,21,5,3.8,30403,0
84,151.317,1675158618,2896,21,5,3.535,28283,0
85,152.164,1675161514,10136,21,5,2.667,21340,0
86,153.163,1675171650,13032,22,5,2.518,20148,0
87,153.865,1675184682,8688,22,5,2.504,20032,0
88,154.96,1675193370,13032,22,5,2.35,18804,0
89,155.796,1675206402,11584,23,5,2.372,18979,0
90,156.767,1675217986,11584,23,5,2.329,18633,0
91,156.851,3371051728,1,10,2147483647,5.16,41280,0
92,157.877,1675229570,13032,23,5,2.333,18667,0
93,158.839,1675242602,13032,24,5,2.372,18979,0
94,159.081,1675255634,2896,24,5,2.365,18921,0
95,159.736,3371051729,0,10,2147483647,4.875,39005,0
96,159.771,3371051729,4,10,2147483647,4.875,39005,0
97,202.55,3371051733,282,10,2147483647,9.612,76902,0
98,250.506,3371052015,0,10,2147483647,8.415,67324,0
99,250.618,3371052015,0,10,2147483647,8.415,67324,0
100,250.732,3371052015,1,10,2147483647,8.415,67324,0
101,250.775,3371052016,0,10,2147483647,8.415,67324,0
102,250.818,3371052017,0,10,2147483647,7.374,58992,0
