,Dtime,sequence,datalength,sndcwnd,sstresh,RTT_in_ms,srtt,ca_state
0,0.0,3375055155,0,10,2147483647,0.0,0,0
1,8.028,3375055156,0,10,2147483647,8.027,64216,0
2,8.052,3375055156,37,10,2147483647,8.027,64216,0
3,12.153,3375055193,0,10,2147483647,7.534,60274,0
4,12.198,3375055193,4,10,2147483647,7.534,60274,0
5,57.435,3375055197,136,10,2147483647,12.246,97973,0
6,61.65,3756283914,0,10,2147483647,0.0,0,0
7,65.827,3756283915,0,10,2147483647,4.178,33424,0
8,65.857,3756283915,37,10,2147483647,4.178,33424,0
9,103.374,3375055333,0,10,2147483647,11.233,89869,0
10,107.41,3375055333,0,10,2147483647,11.233,89869,0
11,107.443,3756283952,7240,10,2147483647,4.164,33314,0
12,107.45,3756291192,7240,10,2147483647,4.164,33314,0
13,111.907,3756298432,1448,10,2147483647,4.201,33611,1
14,112.145,3756283952,1448,8,7,4.305,34446,3
15,112.998,3756299880,1448,7,7,4.517,36141,3
16,113.117,3756301328,1448,7,7,4.661,37289,3
17,113.241,3756302776,1448,7,7,4.802,38416,3
18,113.361,3756304224,1448,7,7,4.94,39523,3
19,113.482,3756305672,1448,7,7,5.076,40612,3
20,115.929,3756307120,1448,7,7,4.944,39556,3
21,117.021,3756308568,2896,7,7,4.725,37807,0
22,117.27,3756311464,2896,7,7,4.561,36493,0
23,119.952,3756314360,2896,8,7,4.74,37924,0
24,119.956,3756317256,2896,8,7,4.74,37924,0
25,121.253,3756320152,2896,8,7,4.676,37413,0
26,121.442,3756323048,2896,8,7,4.613,36907,0
27,124.028,3756325944,2896,8,7,4.545,36366,0
28,124.241,3756328840,2896,8,7,4.513,36108,0
29,125.284,3756331736,2896,8,7,4.453,35624,0
30,125.52,3756334632,2896,8,7,4.405,35246,0
31,128.118,3756337528,2896,8,7,4.366,34930,0
32,128.334,3756340424,2896,8,7,4.33,34643,0
33,129.448,3756343320,2896,8,7,4.309,34476,0
34,129.765,3756346216,2896,8,7,4.299,34397,0
35,132.274,3756349112,1448,8,7,4.281,34252,0
36,132.402,3756350560,2896,8,7,4.242,33940,0
37,133.481,3756353456,2896,8,7,4.2,33605,0
38,133.806,3756356352,2896,8,7,4.165,33320,0
39,133.812,3756359248,1448,8,7,4.152,33216,0
40,136.414,3756360696,2896,9,7,4.15,33203,0
41,136.654,3756363592,2896,9,7,4.161,33288,0
42,137.696,3756366488,2896,9,7,4.16,33285,0
43,137.935,3756369384,2896,9,7,4.142,33136,0
44,138.069,3756372280,2896,10,7,4.156,33249,0
45,140.441,3756375176,1448,10,7,4.139,33118,0
46,140.715,3756376624,4344,10,7,4.109,32876,0
47,141.859,3756380968,1448,10,7,4.116,32928,0
48,142.154,3756382416,2896,10,7,4.146,33175,0
49,142.464,3756385312,4344,10,7,4.212,33697,0
50,144.469,3756389656,2896,11,7,4.189,33512,0
51,144.855,3756392552,4344,11,7,4.15,33206,0
52,146.196,3756396896,1448,11,7,4.174,33392,0
53,146.558,3756398344,4344,11,7,4.176,33412,0
54,146.796,3756402688,4344,12,7,4.199,33596,0
55,148.497,3756407032,1448,12,7,4.177,33423,0
56,148.897,3756408480,4344,12,7,4.132,33057,0
57,150.528,3756412824,2896,12,7,4.157,33261,0
58,150.928,3756415720,4344,12,7,4.183,33467,0
59,151.253,3756420064,4344,12,7,4.237,33902,0
60,152.524,3756424408,2896,13,7,4.211,33690,0
61,153.044,3756427304,4344,13,7,4.178,33426,0
62,154.707,3756431648,1448,13,7,4.178,33426,0
63,155.191,3756433096,4344,13,7,4.184,33472,0
64,155.557,3756437440,4344,13,7,4.186,33488,0
65,156.57,3756441784,4344,13,7,4.15,33207,0
66,158.878,3756446128,5792,13,7,4.13,33045,0
67,159.332,3756451920,5792,14,7,4.111,32894,0
68,160.655,3756457712,5792,14,7,4.096,32775,0
69,160.896,3756463504,2896,14,7,4.137,33100,0
70,163.167,3756466400,1448,14,7,4.156,33252,0
71,163.619,3756467848,5792,14,7,4.275,34205,0
72,163.984,3756473640,5792,15,7,4.363,34908,0
73,165.036,3756479432,2896,15,7,4.354,34835,0
74,165.515,3756482328,5792,15,7,4.441,35533,0
75,167.188,3756488120,1448,15,7,4.389,35112,0
76,167.88,3756489568,5792,15,7,4.28,34241,0
77,168.243,3756495360,5792,16,7,4.237,33897,0
78,169.455,3756501152,2896,16,7,4.275,34205,0
79,169.942,3756504048,5792,16,7,4.31,34481,0
80,171.211,3756509840,2896,16,7,4.3,34401,0
81,172.143,3756512736,5792,16,7,4.229,33838,0
82,172.624,3756518528,7240,17,7,4.227,33820,0
83,174.074,3756525768,1448,17,7,4.276,34212,0
84,174.558,3756527216,5792,17,7,4.391,35134,0
85,175.575,3756533008,2896,17,7,4.426,35413,0
86,176.28,3756535904,5792,17,7,4.313,34510,0
87,176.885,3756541696,7240,17,7,4.233,33867,0
88,178.46,3756548936,2896,17,7,4.268,34151,0
89,179.599,3756551832,7240,18,7,4.222,33779,0
90,179.602,3756559072,1448,18,7,4.222,33779,0
91,180.54,3756560520,7240,18,7,4.168,33345,0
92,181.264,3756567760,7240,18,7,4.178,33429,0
93,182.958,3756575000,1448,18,7,4.218,33747,0
94,184.053,3756576448,7240,18,7,4.278,34231,0
95,184.568,3756583688,7240,19,7,4.283,34269,0
96,185.289,3756590928,7240,19,7,4.221,33773,0
97,187.342,3756598168,5792,19,7,4.256,34049,0
98,188.433,3756603960,2896,19,7,4.272,34177,0
99,189.036,3756606856,7240,20,7,4.394,35157,0
100,189.52,3756614096,7240,20,7,4.468,35751,0
101,189.88,3756621336,4344,20,7,4.473,35786,0
102,191.478,3756625680,2896,20,7,4.457,35657,0
103,193.176,3756628576,5792,20,7,4.473,35788,0
104,193.781,3756634368,7240,20,7,4.547,36378,0
105,194.266,3756641608,7240,21,7,4.602,36822,0
106,194.872,3756648848,7240,21,7,4.745,37967,0
107,195.962,3756656088,2896,21,7,4.671,37371,0
108,197.415,3756658984,1448,21,7,4.617,36937,0
109,198.027,3756660432,7240,21,7,4.484,35875,0
110,198.426,3375055333,1,10,2147483647,11.233,89869,0
111,198.625,3756667672,7240,21,7,4.443,35546,0
112,199.229,3756674912,8688,22,7,4.453,35626,0
113,201.054,3756683600,5792,22,7,4.579,36634,0
114,201.174,3756689392,1448,22,7,4.658,37266,0
115,202.628,3756690840,1448,22,7,4.727,37819,0
116,203.236,3756692288,7240,22,7,4.858,38865,0
117,203.395,3375055334,0,10,2147483647,10.45,83605,0
118,203.429,3375055334,4,10,2147483647,10.45,83605,0
119,249.423,3375055338,279,10,2147483647,14.893,119146,0
120,295.389,3375055617,0,10,2147483647,13.547,108382,0
121,299.628,3375055617,0,10,2147483647,13.547,108382,0
122,299.934,3375055617,1,10,2147483647,13.547,108382,0
123,299.98,3375055618,0,10,2147483647,13.547,108382,0
124,304.438,3375055619,0,10,2147483647,12.397,99181,0
