,Dtime,sequence,datalength,sndcwnd,sstresh,RTT_in_ms,srtt,ca_state
0,0.0,2583458943,0,8,2147483647,0.0,0,0
1,0.106,2583458944,0,8,2147483647,0.095,760,0
2,0.122,2583458944,37,8,2147483647,0.095,760,0
3,0.176,2583458981,0,8,2147483647,0.086,694,0
4,0.205,2583458981,4,8,2147483647,0.086,694,0
5,47.212,2583458985,136,8,2147483647,5.951,47611,0
6,47.395,4106174026,0,8,2147483647,0.0,0,0
7,47.474,4106174027,0,8,2147483647,0.079,632,0
8,47.492,4106174027,37,8,2147483647,0.079,632,0
9,91.198,2583459121,0,8,2147483647,5.212,41699,0
10,91.267,2583459121,0,8,2147483647,5.212,41699,0
11,91.288,4106174064,5792,8,2147483647,0.071,571,0
12,91.295,4106179856,5792,8,2147483647,0.071,571,0
13,91.791,4106174064,1448,5,5,0.178,1426,3
14,91.913,4106185648,1448,5,5,0.233,1866,3
15,92.034,4106187096,1448,5,5,0.296,2372,3
16,92.155,4106188544,1448,5,5,0.367,2936,3
17,92.276,4106189992,1448,5,5,0.443,3550,3
18,93.124,4106191440,2896,5,5,0.6,4804,0
19,93.366,4106194336,2896,5,5,0.743,5948,0
20,93.487,4106197232,2896,6,5,0.801,6415,0
21,94.092,4106200128,2896,6,5,0.827,6621,0
22,94.335,4106203024,2896,6,5,0.847,6779,0
23,94.456,4106205920,2896,7,5,0.862,6900,0
24,95.424,4106208816,4344,7,5,0.981,7849,0
25,95.788,4106213160,4344,7,5,1.085,8681,0
26,95.91,4106217504,1448,7,5,1.131,9049,0
27,96.999,4106218952,4344,7,5,1.241,9928,0
28,97.362,4106223296,4344,7,5,1.315,10527,0
29,97.493,4106227640,1448,7,5,1.349,10794,0
30,98.452,4106229088,4344,7,5,1.347,10779,0
31,98.816,4106233432,4344,7,5,1.346,10769,0
32,98.937,4106237776,1448,7,5,1.358,10868,0
33,100.027,4106239224,2896,7,5,1.396,11169,0
34,100.39,4106242120,4344,7,5,1.453,11627,0
35,100.633,4106246464,2896,7,5,1.51,12081,0
36,101.732,4106249360,1448,7,5,1.534,12273,0
37,102.09,4106250808,4344,7,5,1.587,12702,0
38,102.455,4106255152,4344,7,5,1.642,13143,0
39,103.547,4106259496,1448,7,5,1.664,13313,0
40,103.922,4106260944,4344,7,5,1.692,13538,0
41,104.302,4106265288,4344,7,5,1.714,13712,0
42,105.729,4106269632,2896,7,5,1.772,14179,0
43,106.223,4106272528,4344,7,5,1.82,14564,0
44,106.34,4106276872,2896,7,5,1.847,14780,0
45,107.923,4106279768,2896,7,5,1.89,15125,0
46,108.268,4106282664,4344,7,5,1.914,15319,0
47,108.513,4106287008,2896,7,5,1.947,15577,0
48,109.971,4106289904,2896,7,5,1.959,15676,0
49,110.208,4106292800,2896,7,5,1.957,15656,0
50,110.37,4106295696,1448,7,5,1.971,15771,0
51,110.582,4106297144,2896,7,5,1.983,15868,0
52,112.394,4106300040,2896,7,5,2.038,16307,0
53,112.878,4106302936,4344,7,5,2.139,17116,0
54,113.003,4106307280,2896,7,5,2.174,17395,0
55,114.826,4106310176,2896,7,5,2.206,17648,0
56,115.203,4106313072,4344,7,5,2.217,17739,0
57,115.416,4106317416,2896,7,5,2.241,17934,0
58,116.989,4106320312,2896,7,5,2.232,17857,0
59,117.352,4106323208,4344,7,5,2.199,17594,0
60,117.605,4106327552,2896,7,5,2.196,17573,0
61,119.656,4106330448,2896,7,5,2.255,18042,0
62,120.017,4106333344,4344,7,5,2.337,18703,0
63,120.268,4106337688,2896,7,5,2.379,19038,0
64,122.446,4106340584,2896,7,5,2.431,19448,0
65,122.803,4106343480,4344,7,5,2.5,20006,0
66,123.082,4106347824,2896,7,5,2.535,20282,0
67,125.238,4106350720,2896,7,5,2.567,20536,0
68,125.594,4106353616,4344,7,5,2.605,20847,0
69,125.833,4106357960,2896,7,5,2.623,20991,0
70,128.139,4106360856,5792,9,5,2.658,21266,0
71,128.496,4106366648,5792,10,5,2.702,21616,0
72,128.739,4106372440,4344,11,5,2.727,21818,0
73,131.186,4106376784,2896,11,5,2.767,22136,0
74,131.431,4106379680,4344,12,5,2.829,22639,0
75,131.896,4106384024,5792,12,5,2.936,23493,0
76,132.255,4106389816,5792,13,5,3.058,24471,0
77,134.921,4106395608,2896,13,5,3.143,25146,0
78,135.53,4106398504,7240,13,5,3.338,26711,0
79,136.015,4106405744,7240,14,5,3.453,27624,0
80,136.27,4106412984,2896,14,5,3.522,28182,0
81,138.451,4106415880,2896,14,5,3.523,28185,0
82,139.036,4106418776,7240,14,5,3.47,27764,0
83,139.642,4106426016,8688,15,5,3.474,27797,0
84,139.886,4106434704,2896,15,5,3.492,27939,0
85,142.809,4106437600,2896,15,5,3.6,28802,0
86,143.417,4106440496,7240,15,5,3.806,30455,0
87,143.659,4106447736,2896,15,5,3.833,30665,0
88,144.193,4106450632,5792,15,5,3.964,31718,0
89,144.475,4106456424,2896,15,5,4.029,32239,0
90,146.911,4106459320,2896,15,5,4.038,32311,0
91,147.522,4106462216,7240,15,5,4.011,32092,0
92,148.245,4106469456,8688,15,5,4.004,32037,0
93,148.501,4106478144,2896,15,5,4.006,32055,0
94,151.644,4106481040,2896,15,5,4.097,32779,0
95,152.234,4106483936,7240,15,5,4.254,34039,0
96,153.092,4106491176,8688,15,5,4.351,34814,0
97,153.229,4106499864,2896,15,5,4.398,35190,0
98,155.784,4106502760,2896,15,5,4.366,34929,0
99,156.394,4106505656,7240,15,5,4.245,33964,0
100,157.104,4106512896,8688,15,5,4.093,32747,0
101,157.332,4106521584,2896,15,5,4.094,32754,0
102,158.566,4106524480,2896,15,5,3.93,31441,0
103,159.258,4106527376,7240,15,5,3.509,28079,0
104,159.884,4106534616,8688,15,5,3.197,25582,0
105,160.385,4106543304,5792,15,5,2.982,23862,0
106,160.626,4106549096,2896,15,5,2.78,22245,0
107,160.992,4106551992,4344,15,5,2.52,20164,0
108,161.707,4106556336,8688,15,5,2.216,17728,0
109,162.425,4106565024,8688,15,5,2.056,16451,0
110,163.03,4106573712,7240,15,5,1.9,15204,0
111,163.77,4106580952,8688,15,5,1.791,14334,0
112,164.014,4106589640,2896,15,5,1.766,14131,0
113,164.727,4106592536,8688,15,5,1.731,13852,0
114,165.335,4106601224,7240,15,5,1.676,13408,0
115,166.062,4106608464,8688,15,5,1.662,13303,0
116,166.788,4106617152,8688,15,5,1.647,13176,0
117,167.393,4106625840,7240,15,5,1.632,13059,0
118,168.165,4106633080,8688,15,5,1.613,12905,0
119,168.845,4106641768,8688,15,5,1.613,12906,0
120,169.45,4106650456,7240,15,5,1.603,12824,0
121,169.976,2583459121,1,8,2147483647,5.212,41699,0
122,170.175,4106657696,8688,15,5,1.581,12654,0
123,170.915,4106666384,8688,15,5,1.591,12735,0
124,171.537,2583459122,0,8,2147483647,4.756,38048,0
125,171.571,2583459122,4,8,2147483647,4.756,38048,0
126,215.226,2583459126,279,8,2147483647,9.617,76941,0
127,259.169,2583459405,0,8,2147483647,8.419,67359,0
128,259.247,2583459405,0,8,2147483647,8.419,67359,0
129,259.337,2583459405,1,8,2147483647,8.419,67359,0
130,259.362,2583459406,0,8,2147483647,8.419,67359,0
131,259.407,2583459407,0,8,2147483647,7.375,59007,0
