,Dtime,sequence,datalength,sndcwnd,sstresh,RTT_in_ms,srtt,ca_state
0,0.0,4109994362,0,8,2147483647,0.0,0,0
1,8.276,4109994363,0,8,2147483647,8.261,66088,0
2,8.322,4109994363,37,8,2147483647,8.261,66088,0
3,12.394,4109994400,0,8,2147483647,7.735,61883,0
4,12.456,4109994400,4,8,2147483647,7.735,61883,0
5,58.13,4109994404,135,8,2147483647,12.477,99822,0
6,62.3,920371614,0,8,2147483647,0.0,0,0
7,66.451,920371615,0,8,2147483647,4.135,33080,0
8,66.501,920371615,37,8,2147483647,4.135,33080,0
9,104.042,4109994539,0,8,2147483647,11.431,91454,0
10,108.113,4109994539,0,8,2147483647,11.431,91454,0
11,108.147,920371652,4344,8,2147483647,4.132,33059,0
12,108.151,920375996,4344,8,2147483647,4.132,33059,0
13,108.153,920380340,2896,8,2147483647,4.132,33059,0
14,112.226,920383236,1448,8,2147483647,4.124,32998,1
15,112.311,920371652,1448,6,4,4.125,33003,3
16,112.674,920384684,1448,4,4,4.22,33762,3
17,112.796,920386132,1448,4,4,4.273,34186,3
18,116.271,920387580,1448,4,4,4.244,33952,3
19,116.705,920389028,2896,4,4,4.19,33522,0
20,116.847,920391924,1448,4,4,4.171,33370,0
21,120.327,920393372,2896,5,4,4.156,33253,0
22,120.758,920396268,2896,5,4,4.131,33052,0
23,120.88,920399164,1448,5,4,4.12,32962,0
24,124.408,920400612,2896,6,4,4.114,32918,0
25,124.416,920403508,1448,6,4,4.114,32918,0
26,124.804,920404956,2896,6,4,4.106,32850,0
27,128.459,920407852,2896,6,4,4.539,36319,0
28,128.567,920410748,2896,7,4,4.44,35523,0
29,128.848,920413644,2896,7,4,4.39,35124,0
30,128.855,920416540,1448,7,4,4.39,35124,0
31,132.516,920417988,2896,7,4,4.348,34784,0
32,132.742,920420884,2896,7,4,4.326,34608,0
33,132.972,920423780,2896,8,4,4.3,34406,0
34,136.589,920426676,2896,8,4,4.73,37844,0
35,136.602,920429572,2896,8,4,4.65,37202,0
36,136.81,920432468,2896,8,4,4.577,36620,0
37,137.051,920435364,2896,9,4,4.515,36121,0
38,137.054,920438260,1448,9,4,4.515,36121,0
39,140.636,920439708,2896,9,4,4.456,35651,0
40,140.87,920442604,2896,9,4,4.398,35187,0
41,141.105,920445500,2896,9,4,4.36,34881,0
42,141.352,920448396,2896,9,4,4.331,34655,0
43,141.469,920451292,2896,10,4,4.342,34739,0
44,144.698,920454188,1448,10,4,4.306,34449,0
45,144.907,920455636,4344,10,4,4.22,33764,0
46,145.384,920459980,4344,10,4,4.159,33272,0
47,145.64,920464324,4344,11,4,4.136,33093,0
48,145.645,920468668,1448,11,4,4.136,33093,0
49,148.751,920470116,1448,11,4,4.126,33010,0
50,149.058,920471564,4344,11,4,4.111,32892,0
51,149.535,920475908,4344,11,4,4.102,32823,0
52,149.902,920480252,4344,11,4,4.12,32962,0
53,150.024,920484596,2896,12,4,4.153,33225,0
54,152.788,920487492,1448,12,4,4.137,33097,0
55,153.091,920488940,2896,12,4,4.112,32901,0
56,153.563,920491836,4344,12,4,4.095,32763,0
57,153.933,920496180,4344,12,4,4.084,32675,0
58,154.282,920500524,5792,13,4,4.117,32943,0
59,156.823,920506316,1448,13,4,4.107,32861,0
60,157.597,920507764,5792,13,4,4.074,32599,0
61,158.07,920513556,5792,13,4,4.08,32641,0
62,158.555,920519348,5792,14,4,4.103,32825,0
63,158.559,920525140,1448,14,4,4.103,32825,0
64,160.855,920526588,1448,14,4,4.094,32754,0
65,161.868,920528036,5792,14,4,4.112,32899,0
66,162.367,920533828,5792,14,4,4.125,33002,0
67,162.58,920539620,1448,14,4,4.112,32900,0
68,162.97,920541068,5792,15,4,4.166,33330,0
69,164.882,920546860,2896,15,4,4.148,33188,0
70,165.9,920549756,1448,15,4,4.133,33070,0
71,166.397,920551204,5792,15,4,4.129,33032,0
72,166.843,920556996,5792,15,4,4.153,33225,0
73,167.235,920562788,5792,15,4,4.145,33165,0
74,168.914,920568580,2896,16,4,4.131,33049,0
75,169.941,920571476,2896,16,4,4.109,32876,0
76,170.66,920574372,5792,16,4,4.119,32953,0
77,171.145,920580164,5792,16,4,4.136,33093,0
78,171.628,920585956,5792,16,4,4.175,33406,0
79,173.083,920591748,1448,16,4,4.174,33399,0
80,174.688,920593196,7240,17,4,4.137,33097,0
81,175.182,920600436,5792,17,4,4.13,33042,0
82,175.66,920606228,7240,17,4,4.114,32917,0
83,177.35,920613468,4344,17,4,4.152,33218,0
84,178.731,920617812,1448,17,4,4.138,33105,0
85,179.076,920619260,7240,18,4,4.176,33413,0
86,179.692,920626500,7240,18,4,4.175,33405,0
87,181.748,920633740,7240,18,4,4.265,34121,0
88,182.783,920640980,4344,18,4,4.301,34414,0
89,183.345,920645324,7240,19,4,4.234,33873,0
90,183.962,920652564,7240,19,4,4.205,33640,0
91,185.896,920659804,2896,19,4,4.217,33743,0
92,186.816,920662700,7240,19,4,4.287,34298,0
93,186.822,920669940,1448,19,4,4.256,34051,0
94,187.498,920671388,7240,20,4,4.19,33523,0
95,188.106,920678628,7240,20,4,4.176,33409,0
96,190.394,920685868,4344,20,4,4.248,33991,0
97,191.082,920690212,7240,20,4,4.228,33827,0
98,191.69,920697452,7240,20,4,4.224,33799,0
99,192.299,920704692,8688,21,4,4.209,33673,0
100,194.659,920713380,4344,21,4,4.25,34007,0
101,195.382,920717724,8688,21,4,4.24,33921,0
102,196.109,920726412,8688,21,4,4.243,33951,0
103,196.325,920735100,1448,21,4,4.216,33733,0
104,196.839,920736548,8688,22,4,4.272,34178,0
105,198.943,920745236,1448,22,4,4.273,34187,0
106,199.664,920746684,8688,22,4,4.245,33964,0
107,200.39,920755372,8688,22,4,4.233,33865,0
108,201.118,920764060,8688,23,4,4.261,34092,0
109,201.182,4109994539,1,8,2147483647,11.431,91454,0
110,203.331,920772748,7240,23,4,4.355,34845,0
111,204.181,920779988,8688,23,4,4.311,34494,0
112,204.899,920788676,8688,23,4,4.288,34304,0
113,205.266,920797364,4344,23,4,4.219,33759,0
114,205.818,4109994540,0,8,2147483647,10.582,84658,0
115,205.937,4109994540,4,8,2147483647,10.582,84658,0
116,254.167,4109994544,282,8,2147483647,15.284,122277,0
117,300.034,4109994826,0,8,2147483647,13.897,111182,0
118,304.161,4109994826,0,8,2147483647,13.897,111182,0
119,304.277,4109994826,1,8,2147483647,13.897,111182,0
120,304.286,4109994827,0,8,2147483647,13.897,111182,0
121,308.373,4109994828,0,8,2147483647,12.671,101375,0
