,Dtime,sequence,datalength,sndcwnd,sstresh,RTT_in_ms,srtt,ca_state
0,0.0,4146058694,0,8,2147483647,0.0,0,0
1,0.115,4146058695,0,8,2147483647,0.107,856,0
2,0.132,4146058695,37,8,2147483647,0.107,856,0
3,0.196,4146058732,0,8,2147483647,0.101,811,0
4,0.238,4146058732,4,8,2147483647,0.101,811,0
5,42.016,4146058736,136,8,2147483647,5.31,42482,0
6,42.143,371416719,0,8,2147483647,0.0,0,0
7,42.176,371416720,0,8,2147483647,0.031,248,0
8,42.195,371416720,37,8,2147483647,0.031,248,0
9,89.985,4146058872,0,8,2147483647,4.649,37198,0
10,90.103,4146058872,0,8,2147483647,4.649,37198,0
11,90.124,371416757,5792,8,2147483647,0.028,229,0
12,90.129,371422549,5792,8,2147483647,0.028,229,0
13,90.625,371416757,1448,5,5,0.15,1201,3
14,90.752,371428341,1448,5,5,0.209,1672,3
15,90.868,371429789,1448,5,5,0.275,2201,3
16,90.991,371431237,1448,5,5,0.348,2787,3
17,91.114,371432685,1448,5,5,0.427,3423,3
18,91.968,371434133,2896,5,5,0.588,4710,0
19,92.208,371437029,2896,5,5,0.736,5892,0
20,92.329,371439925,2896,6,5,0.796,6370,0
21,92.931,371442821,2896,6,5,0.823,6584,0
22,93.173,371445717,2896,6,5,0.843,6749,0
23,93.295,371448613,2896,7,5,0.858,6871,0
24,94.26,371451509,4344,7,5,0.978,7824,0
25,94.625,371455853,4344,7,5,1.082,8658,0
26,94.747,371460197,1448,7,5,1.128,9027,0
27,95.772,371461645,2896,7,5,1.199,9595,0
28,96.08,371464541,4344,7,5,1.283,10266,0
29,96.321,371468885,2896,7,5,1.351,10814,0
30,97.291,371471781,4344,7,5,1.332,10656,0
31,97.654,371476125,4344,7,5,1.345,10762,0
32,97.775,371480469,1448,7,5,1.358,10870,0
33,98.876,371481917,2896,7,5,1.398,11186,0
34,99.243,371484813,4344,7,5,1.457,11658,0
35,99.48,371489157,2896,7,5,1.514,12119,0
36,100.576,371492053,1448,7,5,1.537,12302,0
37,100.924,371493501,4344,7,5,1.589,12718,0
38,101.288,371497845,4344,7,5,1.641,13131,0
39,102.386,371502189,2896,8,5,1.662,13297,0
40,102.746,371505085,4344,8,5,1.688,13504,0
41,103.108,371509429,5792,9,5,1.705,13646,0
42,104.57,371515221,2896,9,5,1.765,14124,0
43,104.932,371518117,4344,9,5,1.853,14830,0
44,105.41,371522461,7240,10,5,1.932,15459,0
45,107.007,371529701,2896,10,5,1.995,15962,0
46,107.604,371532597,7240,10,5,2.097,16780,0
47,107.972,371539837,4344,10,5,2.192,17538,0
48,109.41,371544181,2896,10,5,2.218,17747,0
49,109.889,371547077,5792,10,5,2.207,17661,0
50,110.253,371552869,5792,11,5,2.24,17927,0
51,110.376,371558661,1448,11,5,2.261,18090,0
52,112.292,371560109,4344,12,5,2.338,18707,0
53,112.994,371564453,7240,13,5,2.468,19744,0
54,115.268,371571693,8688,13,5,2.898,23187,0
55,115.983,371580381,8688,13,5,2.923,23387,0
56,116.106,371589069,1448,13,5,2.947,23578,0
57,118.17,371590517,2896,13,5,2.941,23531,0
58,119.042,371593413,8688,13,5,3.004,24032,0
59,121.214,371602101,8688,13,5,3.323,26585,0
60,121.799,371610789,7240,13,5,3.146,25175,0
61,122.044,371618029,4344,14,5,3.128,25029,0
62,124.227,371622373,2896,14,5,3.113,24911,0
63,124.731,371625269,7240,15,5,3.178,25430,0
64,125.333,371632509,8688,16,5,3.247,25976,0
65,125.688,371641197,4344,16,5,3.326,26615,0
66,127.976,371645541,2896,16,5,3.379,27038,0
67,128.838,371648437,10136,16,5,3.496,27975,0
68,129.55,371658573,8688,16,5,3.619,28952,0
69,129.673,371667261,1448,16,5,3.664,29318,0
70,131.489,371668709,4344,17,5,3.645,29165,0
71,132.224,371673053,8688,17,5,3.487,27900,0
72,133.064,371681741,10136,17,5,3.423,27390,0
73,135.644,371691877,4344,18,5,3.741,29930,0
74,136.337,371696221,8688,18,5,3.861,30890,0
75,137.079,371704909,8688,18,5,3.918,31346,0
76,137.438,371713597,4344,18,5,4.012,32096,0
77,139.394,371717941,2896,18,5,3.979,31833,0
78,140.21,371720837,11584,19,5,3.86,30886,0
79,141.2,371732421,11584,19,5,3.784,30272,0
80,144.088,371744005,4344,19,5,3.907,31257,0
81,144.574,371748349,7240,20,5,3.989,31913,0
82,145.538,371755589,11584,20,5,4.179,33437,0
83,146.026,371767173,5792,20,5,4.304,34434,0
84,148.334,371772965,2896,20,5,4.296,34374,0
85,149.292,371775861,11584,20,5,4.243,33947,0
86,150.034,371787445,10136,21,5,4.25,34006,0
87,153.429,371797581,8688,21,5,4.386,35090,0
88,154.38,371806269,11584,21,5,4.544,36355,0
89,154.622,371817853,2896,21,5,4.549,36398,0
90,155.246,371820749,8688,22,5,4.721,37772,0
91,157.899,371829437,2896,22,5,4.689,37518,0
92,158.888,371832333,11584,22,5,4.653,37227,0
93,159.83,371843917,11584,22,5,4.719,37756,0
94,160.367,4146058872,1,8,2147483647,4.649,37198,0
95,163.514,371855501,10136,23,5,4.878,39031,0
96,164.455,371865637,11584,23,5,5.029,40239,0
97,165.163,371877221,8688,23,5,5.059,40474,0
98,165.409,371885909,2896,23,5,5.124,40993,0
99,165.608,4146058873,0,8,2147483647,4.723,37789,0
100,165.672,4146058873,4,8,2147483647,4.723,37789,0
101,214.023,4146058877,283,8,2147483647,10.176,81413,0
102,257.984,4146059160,0,8,2147483647,8.907,71262,0
103,258.221,4146059160,0,8,2147483647,8.907,71262,0
104,258.327,4146059160,1,8,2147483647,8.907,71262,0
105,258.374,4146059161,0,8,2147483647,8.907,71262,0
106,258.427,4146059162,0,8,2147483647,7.806,62453,0
