,Dtime,sequence,datalength,sndcwnd,sstresh,RTT_in_ms,srtt,ca_state
0,0.0,2079390452,0,8,2147483647,0.0,0,0
1,0.151,2079390453,0,8,2147483647,0.155,1240,0
2,0.162,2079390453,37,8,2147483647,0.155,1240,0
3,0.244,2079390490,0,8,2147483647,0.139,1116,0
4,0.27,2079390490,4,8,2147483647,0.139,1116,0
5,46.031,2079390494,135,8,2147483647,5.841,46734,0
6,46.27,2913978162,0,8,2147483647,0.0,0,0
7,46.317,2913978163,0,8,2147483647,0.045,360,0
8,46.339,2913978163,37,8,2147483647,0.045,360,0
9,89.998,2079390629,0,8,2147483647,5.117,40942,0
10,90.111,2079390629,0,8,2147483647,5.117,40942,0
11,90.135,2913978200,5792,8,2147483647,0.041,328,0
12,90.188,2913983992,5792,8,2147483647,0.041,328,0
13,90.281,2913978200,1448,5,4,0.061,488,3
14,91.365,2913989784,1448,4,4,0.309,2479,3
15,91.49,2913991232,1448,4,4,0.433,3471,3
16,91.609,2913992680,1448,4,4,0.557,4458,3
17,92.467,2913994128,2896,4,4,0.673,5388,0
18,92.713,2913997024,2896,5,4,0.773,6189,0
19,92.722,2913999920,1448,5,4,0.773,6189,0
20,93.67,2914001368,2896,5,4,0.861,6889,0
21,93.912,2914004264,2896,5,4,0.927,7419,0
22,94.037,2914007160,2896,6,4,0.976,7815,0
23,94.891,2914010056,1448,6,4,1.007,8060,0
24,95.138,2914011504,2896,6,4,1.07,8565,0
25,95.381,2914014400,2896,6,4,1.134,9076,0
26,96.456,2914017296,4344,7,4,1.224,9795,0
27,96.816,2914021640,4344,7,4,1.307,10461,0
28,96.938,2914025984,1448,7,4,1.338,10711,0
29,98.03,2914027432,4344,8,4,1.38,11044,0
30,98.151,2914031776,1448,8,4,1.419,11358,0
31,98.536,2914033224,4344,8,4,1.478,11829,0
32,98.658,2914037568,1448,8,4,1.508,12069,0
33,99.758,2914039016,2896,8,4,1.535,12285,0
34,99.986,2914041912,4344,9,4,1.605,12843,0
35,100.334,2914046256,4344,9,4,1.639,13115,0
36,101.468,2914050600,2896,9,4,1.785,14282,0
37,101.566,2914053496,1448,9,4,1.788,14304,0
38,101.925,2914054944,5792,10,4,1.808,14471,0
39,102.277,2914060736,4344,10,4,1.827,14617,0
40,103.364,2914065080,2896,10,4,1.835,14686,0
41,103.848,2914067976,7240,11,4,1.868,14951,0
42,104.34,2914075216,5792,11,4,1.919,15357,0
43,105.669,2914081008,2896,11,4,1.967,15741,0
44,106.148,2914083904,5792,11,4,2.018,16151,0
45,106.687,2914089696,5792,12,4,2.082,16660,0
46,108.219,2914095488,5792,12,4,2.177,17416,0
47,108.691,2914101280,5792,12,4,2.236,17891,0
48,109.175,2914107072,7240,13,4,2.269,18153,0
49,110.647,2914114312,2896,13,4,2.288,18310,0
50,111.367,2914117208,8688,13,4,2.391,19131,0
51,111.943,2914125896,7240,14,4,2.442,19537,0
52,113.826,2914133136,4344,14,4,2.581,20654,0
53,114.57,2914137480,8688,14,4,2.712,21699,0
54,114.791,2914146168,2896,14,4,2.729,21835,0
55,115.149,2914149064,5792,15,4,2.828,22627,0
56,116.393,2914154856,2896,15,4,2.795,22364,0
57,116.992,2914157752,7240,15,4,2.666,21330,0
58,117.704,2914164992,8688,15,4,2.652,21220,0
59,119.775,2914173680,7240,16,4,2.757,22063,0
60,120.611,2914180920,10136,16,4,2.913,23307,0
61,120.843,2914191056,2896,16,4,2.941,23532,0
62,121.087,2914193952,2896,16,4,2.996,23972,0
63,122.312,2914196848,4344,17,4,2.938,23511,0
64,123.17,2914201192,10136,17,4,2.805,22440,0
65,123.994,2914211328,10136,17,4,2.836,22694,0
66,125.938,2914221464,2896,17,4,2.935,23482,0
67,126.534,2914224360,8688,18,4,3.086,24693,0
68,127.14,2914233048,7240,18,4,3.214,25714,0
69,129.928,2914240288,10136,18,4,3.424,27392,0
70,130.665,2914250424,10136,19,4,3.581,28654,0
71,131.257,2914260560,7240,19,4,3.71,29683,0
72,133.44,2914267800,2896,19,4,3.685,29484,0
73,134.311,2914270696,10136,19,4,3.772,30183,0
74,134.799,2914280832,7240,20,4,3.828,30624,0
75,137.685,2914288072,11584,20,4,3.99,31925,0
76,138.55,2914299656,10136,20,4,3.989,31916,0
77,139.162,2914309792,8688,21,4,4.058,32468,0
78,141.567,2914318480,2896,21,4,4.036,32290,0
79,142.52,2914321376,11584,21,4,4.126,33014,0
80,143.374,2914332960,10136,21,4,4.225,33806,0
81,146.282,2914343096,10136,22,4,4.358,34869,0
82,147.248,2914353232,11584,22,4,4.377,35021,0
83,148.118,2914364816,10136,22,4,4.424,35397,0
84,150.771,2914374952,4344,23,4,4.432,35461,0
85,151.862,2914379296,13032,23,4,4.577,36618,0
86,152.826,2914392328,11584,23,4,4.653,37226,0
87,155.481,2914403912,7240,23,4,4.733,37866,0
88,156.143,2079390629,1,8,2147483647,5.117,40942,0
89,156.333,2914411152,11584,24,4,4.583,36665,0
90,156.574,2914422736,2896,24,4,4.599,36796,0
91,157.663,2914425632,13032,24,4,4.582,36662,0
92,160.608,2914438664,2896,24,4,4.646,37170,0
93,161.13,2079390630,0,8,2147483647,5.101,40811,0
94,161.167,2079390630,4,8,2147483647,5.101,40811,0
95,206.036,2079390634,280,8,2147483647,10.071,80574,0
96,249.993,2079390914,0,8,2147483647,8.816,70528,0
97,250.103,2079390914,0,8,2147483647,8.816,70528,0
98,250.174,2079390914,1,8,2147483647,8.816,70528,0
99,250.2,2079390915,0,8,2147483647,8.816,70528,0
100,250.253,2079390916,0,8,2147483647,7.722,61779,0
