,Dtime,sequence,datalength,sndcwnd,sstresh,RTT_in_ms,srtt,ca_state
0,0.0,378460334,0,8,2147483647,0.0,0,0
1,0.1,378460335,0,8,2147483647,0.089,712,0
2,0.304,378460335,37,8,2147483647,0.089,712,0
3,0.39,378460372,0,8,2147483647,0.082,662,0
4,0.417,378460372,4,8,2147483647,0.082,662,0
5,46.401,378460376,136,8,2147483647,5.82,46563,0
6,46.565,260089035,0,8,2147483647,0.0,0,0
7,46.608,260089036,0,8,2147483647,0.041,328,0
8,46.621,260089036,37,8,2147483647,0.041,328,0
9,94.356,378460512,0,8,2147483647,5.096,40774,0
10,94.446,378460512,0,8,2147483647,5.096,40774,0
11,94.469,260089073,5792,8,2147483647,0.042,338,0
12,94.478,260094865,5792,8,2147483647,0.042,338,0
13,94.983,260089073,1448,5,5,0.161,1294,3
14,95.114,260100657,1448,5,5,0.22,1767,3
15,95.234,260102105,1448,5,5,0.287,2301,3
16,95.352,260103553,1448,5,5,0.36,2885,3
17,95.471,260105001,1448,5,5,0.439,3515,3
18,96.321,260106449,2896,5,5,0.596,4772,0
19,96.562,260109345,2896,5,5,0.74,5921,0
20,96.689,260112241,2896,6,5,0.799,6396,0
21,97.289,260115137,2896,6,5,0.825,6603,0
22,97.531,260118033,2896,6,5,0.845,6763,0
23,97.649,260120929,2896,7,5,0.859,6877,0
24,98.621,260123825,4344,7,5,0.978,7830,0
25,98.983,260128169,4344,7,5,1.085,8680,0
26,99.106,260132513,1448,7,5,1.131,9050,0
27,99.954,260133961,4344,7,5,1.162,9303,0
28,100.311,260138305,4344,7,5,1.184,9473,0
29,100.437,260142649,1448,7,5,1.202,9620,0
30,101.523,260144097,4344,7,5,1.287,10302,0
31,101.887,260148441,4344,7,5,1.347,10780,0
32,102.008,260152785,1448,7,5,1.375,11003,0
33,103.097,260154233,2896,7,5,1.408,11270,0
34,103.458,260157129,4344,7,5,1.461,11691,0
35,103.702,260161473,2896,7,5,1.515,12126,0
36,104.715,260164369,1448,7,5,1.507,12063,0
37,104.914,260165817,4344,7,5,1.517,12136,0
38,105.281,260170161,4344,7,5,1.531,12249,0
39,106.497,260174505,1448,7,5,1.562,12497,0
40,106.854,260175953,4344,7,5,1.637,13102,0
41,107.242,260180297,4344,7,5,1.697,13581,0
42,108.697,260184641,2896,7,5,1.76,14080,0
43,109.156,260187537,4344,7,5,1.812,14501,0
44,109.282,260191881,2896,7,5,1.841,14730,0
45,110.75,260194777,2896,7,5,1.867,14939,0
46,111.109,260197673,4344,7,5,1.874,14993,0
47,111.34,260202017,2896,7,5,1.897,15176,0
48,112.93,260204913,2896,7,5,1.932,15459,0
49,113.155,260207809,2896,7,5,1.946,15573,0
50,113.298,260210705,1448,7,5,1.974,15795,0
51,113.533,260212153,2896,7,5,2.001,16010,0
52,115.347,260215049,2896,7,5,2.052,16421,0
53,115.824,260217945,4344,7,5,2.152,17219,0
54,115.946,260222289,2896,7,5,2.184,17478,0
55,117.893,260225185,2896,7,5,2.229,17836,0
56,118.241,260228081,4344,7,5,2.26,18082,0
57,118.484,260232425,2896,7,5,2.295,18360,0
58,120.215,260235321,2896,7,5,2.298,18386,0
59,120.558,260238217,4344,7,5,2.289,18316,0
60,120.811,260242561,2896,7,5,2.293,18350,0
61,122.738,260245457,2896,7,5,2.322,18576,0
62,123.097,260248353,4344,7,5,2.359,18872,0
63,123.357,260252697,2896,7,5,2.382,19058,0
64,125.282,260255593,2896,7,5,2.402,19218,0
65,125.642,260258489,4344,7,5,2.422,19378,0
66,125.895,260262833,2896,7,5,2.436,19491,0
67,128.195,260265729,2896,7,5,2.495,19966,0
68,128.544,260268625,4344,7,5,2.578,20631,0
69,128.79,260272969,2896,7,5,2.618,20945,0
70,130.867,260275865,5792,9,5,2.623,20986,0
71,131.21,260281657,5792,10,5,2.62,20962,0
72,131.451,260287449,4344,11,5,2.625,21002,0
73,133.89,260291793,4344,12,5,2.675,21400,0
74,134.144,260296137,4344,13,5,2.746,21974,0
75,134.631,260300481,7240,14,5,2.892,23141,0
76,135.005,260307721,5792,15,5,3.034,24275,0
77,137.176,260313513,2896,15,5,3.065,24523,0
78,137.895,260316409,11584,17,5,3.2,25607,0
79,138.743,260327993,10136,17,5,3.367,26936,0
80,141.423,260338129,2896,17,5,3.476,27812,0
81,142.145,260341025,8688,17,5,3.657,29259,0
82,142.883,260349713,8688,17,5,3.828,30626,0
83,143.227,260358401,4344,17,5,3.968,31751,0
84,145.422,260362745,2896,17,5,3.972,31782,0
85,146.142,260365641,8688,17,5,3.907,31260,0
86,146.869,260374329,8688,17,5,3.863,30905,0
87,147.238,260383017,4344,17,5,3.884,31075,0
88,150.409,260387361,2896,17,5,4.021,32175,0
89,151.142,260390257,8688,17,5,4.273,34184,0
90,151.869,260398945,8688,17,5,4.439,35513,0
91,152.23,260407633,4344,17,5,4.555,36442,0
92,154.427,260411977,2896,17,5,4.487,35901,0
93,155.14,260414873,8688,17,5,4.253,34027,0
94,155.865,260423561,8688,17,5,4.095,32765,0
95,156.228,260432249,4344,17,5,4.059,32474,0
96,156.495,260436593,2896,17,5,3.809,30478,0
97,156.726,260439489,2896,17,5,3.531,28251,0
98,157.21,260442385,5792,17,5,3.161,25293,0
99,157.924,260448177,8688,17,5,2.522,20180,0
100,158.649,260456865,8688,17,5,2.21,17684,0
101,159.371,260465553,8688,17,5,1.986,15895,0
102,160.232,260474241,10136,17,5,1.918,15348,0
103,160.944,260484377,8688,17,5,1.88,15044,0
104,161.188,260493065,2896,17,5,1.872,14980,0
105,161.913,260495961,8688,17,5,1.818,14551,0
106,162.773,260504649,10136,17,5,1.824,14594,0
107,163.51,260514785,8688,17,5,1.842,14740,0
108,164.221,260523473,8688,17,5,1.815,14523,0
109,165.067,260532161,10136,17,5,1.81,14481,0
110,165.794,260542297,8688,17,5,1.804,14435,0
111,166.343,378460512,1,8,2147483647,5.096,40774,0
112,166.53,260550985,8688,17,5,1.791,14328,0
113,166.765,260559673,2896,17,5,1.779,14234,0
114,167.609,260562569,10136,17,5,1.801,14414,0
115,168.062,378460513,0,8,2147483647,4.674,37396,0
116,168.126,378460513,4,8,2147483647,4.674,37396,0
117,210.4,378460517,281,8,2147483647,9.374,74992,0
118,258.326,378460798,0,8,2147483647,8.206,65654,0
119,258.454,378460798,0,8,2147483647,8.206,65654,0
120,258.536,378460798,1,8,2147483647,8.206,65654,0
121,258.562,378460799,0,8,2147483647,8.206,65654,0
122,258.594,378460800,0,8,2147483647,7.187,57502,0
