,Dtime,sequence,datalength,sndcwnd,sstresh,RTT_in_ms,srtt,ca_state
0,0.0,64998367,0,10,2147483647,0.0,0,0
1,8.009,64998368,0,10,2147483647,8.006,64048,0
2,8.029,64998368,37,10,2147483647,8.006,64048,0
3,12.148,64998405,0,10,2147483647,7.518,60151,0
4,12.207,64998405,4,10,2147483647,7.518,60151,0
5,59.373,64998409,136,10,2147483647,12.474,99796,0
6,63.586,2413061909,0,10,2147483647,0.0,0,0
7,67.677,2413061910,0,10,2147483647,4.077,32616,0
8,67.713,2413061910,37,10,2147483647,4.077,32616,0
9,105.298,64998545,0,10,2147483647,11.428,91431,0
10,109.39,64998545,0,10,2147483647,11.428,91431,0
11,109.414,2413061947,7240,10,2147483647,4.074,32593,0
12,109.421,2413069187,7240,10,2147483647,4.074,32593,0
13,113.452,2413076427,1448,10,2147483647,4.069,32554,1
14,113.567,2413061947,1448,8,7,4.077,32620,3
15,114.303,2413077875,1448,7,7,4.198,33587,3
16,114.403,2413079323,1448,7,7,4.296,34370,3
17,114.535,2413080771,1448,7,7,4.398,35186,3
18,114.646,2413082219,1448,7,7,4.501,36012,3
19,114.767,2413083667,1448,7,7,4.606,36855,3
20,117.485,2413085115,1448,7,7,4.534,36279,3
21,118.337,2413086563,2896,7,7,4.413,35310,0
22,118.553,2413089459,2896,7,7,4.323,34584,0
23,121.537,2413092355,2896,8,7,4.594,36759,0
24,121.547,2413095251,2896,8,7,4.594,36759,0
25,122.408,2413098147,2896,8,7,4.529,36233,0
26,122.608,2413101043,2896,8,7,4.469,35757,0
27,125.606,2413103939,2896,8,7,4.418,35350,0
28,125.81,2413106835,2896,8,7,4.4,35204,0
29,126.443,2413109731,2896,8,7,4.354,34837,0
30,126.67,2413112627,2896,8,7,4.318,34544,0
31,129.661,2413115523,2896,8,7,4.284,34277,0
32,129.875,2413118419,2896,8,7,4.257,34056,0
33,130.476,2413121315,2896,8,7,4.229,33832,0
34,130.705,2413124211,2896,8,7,4.204,33637,0
35,133.698,2413127107,2896,8,7,4.183,33470,0
36,133.924,2413130003,2896,8,7,4.149,33196,0
37,134.503,2413132899,2896,8,7,4.12,32964,0
38,134.731,2413135795,2896,8,7,4.097,32782,0
39,137.727,2413138691,2896,9,7,4.088,32710,0
40,137.952,2413141587,2896,9,7,4.075,32602,0
41,138.528,2413144483,2896,9,7,4.064,32519,0
42,138.751,2413147379,2896,9,7,4.056,32448,0
43,138.827,2413150275,2896,10,7,4.06,32487,0
44,141.755,2413153171,1448,10,7,4.056,32452,0
45,141.997,2413154619,4344,10,7,4.051,32411,0
46,142.783,2413158963,4344,10,7,4.043,32348,0
47,143.03,2413163307,4344,10,7,4.068,32550,0
48,145.796,2413167651,1448,10,7,4.064,32519,0
49,146.146,2413169099,4344,10,7,4.069,32559,0
50,146.939,2413173443,4344,10,7,4.075,32604,0
51,147.312,2413177787,4344,10,7,4.108,32866,0
52,149.833,2413182131,1448,10,7,4.099,32794,0
53,150.17,2413183579,1448,10,7,4.089,32718,0
54,150.966,2413185027,4344,10,7,4.083,32667,0
55,151.346,2413189371,4344,10,7,4.077,32623,0
56,151.472,2413193715,2896,10,7,4.083,32671,0
57,153.865,2413196611,2896,11,7,4.077,32616,0
58,154.231,2413199507,1448,11,7,4.07,32565,0
59,155.106,2413200955,4344,11,7,4.072,32579,0
60,155.493,2413205299,4344,11,7,4.077,32617,0
61,155.736,2413209643,4344,12,7,4.107,32857,0
62,157.921,2413213987,1448,12,7,4.1,32804,0
63,159.139,2413215435,4344,12,7,4.08,32646,0
64,159.521,2413219779,4344,12,7,4.077,32617,0
65,159.759,2413224123,4344,12,7,4.072,32583,0
66,161.94,2413228467,4344,12,7,4.094,32755,0
67,163.188,2413232811,1448,12,7,4.088,32710,0
68,163.542,2413234259,4344,12,7,4.085,32686,0
69,163.79,2413238603,4344,12,7,4.081,32648,0
70,165.96,2413242947,4344,12,7,4.1,32801,0
71,167.207,2413247291,4344,12,7,4.087,32697,0
72,167.675,2413251635,4344,12,7,4.079,32636,0
73,168.047,2413255979,4344,12,7,4.101,32809,0
74,169.996,2413260323,2896,13,7,4.092,32743,0
75,170.257,2413263219,2896,13,7,4.126,33012,0
76,171.258,2413266115,2896,13,7,4.106,32855,0
77,171.808,2413269011,5792,13,7,4.096,32772,0
78,172.191,2413274803,5792,14,7,4.089,32712,0
79,174.269,2413280595,1448,14,7,4.111,32895,0
80,174.426,2413282043,1448,14,7,4.148,33184,0
81,175.326,2413283491,5792,14,7,4.156,33254,0
82,176.075,2413289283,5792,14,7,4.143,33151,0
83,176.549,2413295075,5792,14,7,4.167,33341,0
84,178.784,2413300867,1448,14,7,4.211,33688,0
85,179.46,2413302315,5792,14,7,4.185,33486,0
86,180.211,2413308107,5792,14,7,4.154,33233,0
87,180.702,2413313899,5792,14,7,4.139,33116,0
88,180.852,2413319691,1448,14,7,4.16,33280,0
89,183.167,2413321139,1448,14,7,4.187,33502,0
90,183.732,2413322587,5792,14,7,4.166,33328,0
91,184.481,2413328379,5792,14,7,4.155,33241,0
92,184.966,2413334171,5792,14,7,4.147,33176,0
93,185.094,2413339963,1448,14,7,4.158,33271,0
94,187.558,2413341411,2896,15,7,4.187,33502,0
95,187.92,2413344307,4344,15,7,4.16,33287,0
96,188.624,2413348651,5792,15,7,4.146,33175,0
97,188.806,2413354443,1448,15,7,4.162,33299,0
98,189.228,2413355891,5792,15,7,4.148,33185,0
99,189.361,2413361683,1448,15,7,4.162,33302,0
100,191.856,2413363131,1448,15,7,4.179,33436,0
101,192.339,2413364579,5792,15,7,4.242,33937,0
102,192.889,2413370371,5792,15,7,4.199,33598,0
103,193.452,2413376163,5792,16,7,4.166,33335,0
104,193.614,2413381955,4344,16,7,4.187,33503,0
105,195.933,2413386299,1448,16,7,4.173,33391,0
106,196.604,2413387747,5792,16,7,4.16,33280,0
107,197.165,2413393539,5792,16,7,4.15,33204,0
108,197.751,2413399331,5792,16,7,4.154,33236,0
109,200.888,2413405123,5792,16,7,4.319,34557,0
110,201.371,2413410915,5792,16,7,4.44,35522,0
111,201.735,2413416707,4344,16,7,4.446,35571,0
112,202.218,2413421051,5792,16,7,4.438,35510,0
113,202.341,2413426843,1448,16,7,4.457,35662,0
114,205.063,2413428291,1448,16,7,4.422,35378,0
115,205.426,2413429739,5792,17,7,4.424,35399,0
116,205.908,2413435531,5792,17,7,4.406,35252,0
117,206.394,2413441323,5792,17,7,4.383,35067,0
118,206.877,2413447115,5792,17,7,4.415,35322,0
119,209.088,2413452907,1448,17,7,4.366,34928,0
120,209.945,2413454355,7240,17,7,4.238,33909,0
121,210.429,2413461595,7240,17,7,4.172,33381,0
122,211.03,2413468835,7240,17,7,4.147,33179,0
123,211.163,2413476075,1448,17,7,4.164,33317,0
124,213.12,2413477523,1448,17,7,4.148,33185,0
125,214.081,64998545,1,10,2147483647,11.428,91431,0
126,214.129,2413478971,5792,18,7,4.132,33063,0
127,214.211,2413484763,1448,18,7,4.149,33196,0
128,214.829,2413486211,7240,18,7,4.199,33599,0
129,215.419,2413493451,7240,18,7,4.237,33897,0
130,217.177,2413500691,5792,19,7,4.269,34154,0
131,218.197,64998546,0,10,2147483647,10.515,84120,0
132,218.238,64998546,4,10,2147483647,10.515,84120,0
133,263.389,64998550,281,10,2147483647,14.844,118759,0
134,309.299,64998831,0,10,2147483647,13.501,108012,0
135,313.397,64998831,0,10,2147483647,13.501,108012,0
136,313.527,64998831,1,10,2147483647,13.501,108012,0
137,313.546,64998832,0,10,2147483647,13.501,108012,0
138,317.76,64998833,0,10,2147483647,12.323,98586,0
