,Dtime,sequence,datalength,sndcwnd,sstresh,RTT_in_ms,srtt,ca_state
0,0.0,3444373588,0,10,2147483647,0.0,0,0
1,8.285,3444373589,0,10,2147483647,8.271,66168,0
2,8.323,3444373589,37,10,2147483647,8.271,66168,0
3,12.458,3444373626,0,10,2147483647,7.75,62004,0
4,12.505,3444373626,4,10,2147483647,7.75,62004,0
5,59.696,3444373630,135,10,2147483647,12.68,101446,0
6,63.884,3278957194,0,10,2147483647,0.0,0,0
7,67.991,3278957195,0,10,2147483647,4.105,32840,0
8,68.012,3278957195,37,10,2147483647,4.105,32840,0
9,105.583,3444373765,0,10,2147483647,11.606,92853,0
10,109.679,3444373765,0,10,2147483647,11.606,92853,0
11,109.713,3278957232,7240,10,2147483647,4.1,32801,0
12,109.721,3278964472,7240,10,2147483647,4.1,32801,0
13,114.097,3278971712,1448,10,2147483647,4.135,33085,1
14,114.337,3278957232,1448,8,5,4.237,33898,3
15,115.186,3278973160,1448,7,5,4.446,35572,3
16,115.549,3278974608,1448,5,5,4.867,38936,3
17,115.671,3278976056,1448,5,5,5.002,40018,3
18,118.116,3278977504,1448,5,5,4.879,39033,3
19,119.204,3278978952,2896,5,5,4.675,37402,0
20,119.707,3278981848,2896,5,5,4.523,36188,0
21,122.144,3278984744,2896,6,5,4.461,35691,0
22,123.231,3278987640,2896,6,5,4.406,35255,0
23,123.736,3278990536,2896,6,5,4.359,34877,0
24,126.35,3278993432,2896,7,5,4.34,34721,0
25,127.259,3278996328,2896,7,5,4.3,34407,0
26,127.766,3278999224,2896,7,5,4.266,34135,0
27,127.77,3279002120,1448,7,5,4.266,34135,0
28,130.421,3279003568,2896,7,5,4.242,33938,0
29,131.302,3279006464,2896,8,5,4.217,33738,0
30,131.813,3279009360,2896,8,5,4.195,33566,0
31,131.91,3279012256,2896,8,5,4.173,33389,0
32,134.447,3279015152,1448,8,5,4.155,33240,0
33,135.33,3279016600,2896,8,5,4.126,33014,0
34,135.339,3279019496,2896,9,5,4.115,32925,0
35,135.84,3279022392,2896,9,5,4.094,32755,0
36,136.072,3279025288,2896,9,5,4.097,32776,0
37,138.472,3279028184,1448,9,5,4.087,32701,0
38,139.361,3279029632,2896,9,5,4.074,32593,0
39,139.61,3279032528,4344,10,5,4.104,32836,0
40,140.142,3279036872,4344,10,5,4.086,32693,0
41,140.16,3279041216,1448,10,5,4.085,32681,0
42,142.496,3279042664,1448,10,5,4.077,32619,0
43,143.573,3279044112,2896,10,5,4.095,32763,0
44,143.933,3279047008,4344,11,5,4.134,33075,0
45,144.186,3279051352,4344,11,5,4.111,32891,0
46,144.423,3279055696,2896,11,5,4.136,33094,0
47,146.564,3279058592,1448,11,5,4.128,33024,0
48,147.733,3279060040,1448,11,5,4.131,33055,0
49,147.964,3279061488,2896,11,5,4.134,33076,0
50,148.332,3279064384,4344,12,5,4.153,33225,0
51,148.592,3279068728,4344,12,5,4.196,33573,0
52,150.706,3279073072,4344,12,5,4.218,33751,0
53,151.879,3279077416,1448,12,5,4.209,33678,0
54,152.357,3279078864,4344,12,5,4.164,33314,0
55,152.615,3279083208,5792,13,5,4.133,33065,0
56,154.742,3279089000,4344,13,5,4.134,33078,0
57,156.173,3279093344,4344,13,5,4.152,33218,0
58,156.677,3279097688,5792,13,5,4.119,32956,0
59,157.018,3279103480,5792,14,5,4.175,33402,0
60,158.775,3279109272,1448,14,5,4.157,33261,0
61,160.414,3279110720,4344,14,5,4.155,33242,0
62,160.9,3279115064,5792,14,5,4.206,33653,0
63,161.019,3279120856,1448,14,5,4.223,33789,0
64,161.291,3279122304,2896,14,5,4.252,34020,0
65,161.629,3279125200,5792,15,5,4.333,34671,0
66,162.793,3279130992,1448,15,5,4.294,34355,0
67,164.437,3279132440,1448,15,5,4.26,34084,0
68,164.936,3279133888,5792,15,5,4.199,33592,0
69,165.411,3279139680,5792,15,5,4.199,33598,0
70,165.895,3279145472,5792,15,5,4.191,33535,0
71,168.465,3279151264,5792,16,5,4.171,33370,0
72,169.204,3279157056,5792,16,5,4.158,33269,0
73,169.696,3279162848,5792,16,5,4.154,33236,0
74,170.173,3279168640,5792,16,5,4.147,33181,0
75,172.631,3279174432,1448,16,5,4.149,33199,0
76,173.241,3279175880,7240,17,5,4.207,33663,0
77,173.736,3279183120,7240,17,5,4.155,33242,0
78,174.324,3279190360,7240,17,5,4.137,33100,0
79,174.445,3279197600,1448,17,5,4.154,33235,0
80,176.968,3279199048,1448,17,5,4.177,33417,0
81,177.498,3279200496,7240,18,5,4.156,33252,0
82,178.104,3279207736,7240,18,5,4.196,33568,0
83,178.71,3279214976,7240,18,5,4.231,33851,0
84,178.951,3279222216,2896,18,5,4.295,34365,0
85,181.242,3279225112,1448,18,5,4.292,34343,0
86,181.755,3279226560,7240,19,5,4.225,33805,0
87,182.386,3279233800,7240,19,5,4.206,33649,0
88,182.978,3279241040,7240,19,5,4.212,33702,0
89,183.354,3279248280,4344,19,5,4.257,34063,0
90,185.513,3279252624,1448,19,5,4.259,34076,0
91,185.784,3279254072,2896,19,5,4.23,33845,0
92,186.416,3279256968,7240,20,5,4.228,33829,0
93,187.023,3279264208,7240,20,5,4.226,33814,0
94,187.645,3279271448,7240,20,5,4.265,34124,0
95,189.898,3279278688,5792,20,5,4.293,34345,0
96,190.69,3279284480,8688,21,5,4.257,34061,0
97,191.418,3279293168,8688,21,5,4.272,34176,0
98,194.164,3279301856,8688,21,5,4.278,34224,0
99,195.007,3279310544,8688,21,5,4.285,34283,0
100,195.021,3279319232,1448,21,5,4.285,34283,0
101,195.725,3279320680,8688,22,5,4.289,34316,0
102,195.97,3279329368,4344,22,5,4.322,34579,0
103,198.662,3279333712,2896,22,5,4.344,34753,0
104,199.382,3279336608,8688,22,5,4.456,35650,0
105,199.998,3279345296,7240,22,5,4.582,36659,0
106,200.532,3444373765,1,10,2147483647,11.606,92853,0
107,200.703,3279352536,8688,23,5,4.642,37137,0
108,202.916,3279361224,8688,23,5,4.679,37433,0
109,203.935,3279369912,8688,23,5,4.561,36489,0
110,204.508,3279378600,7240,23,5,4.499,35996,0
111,204.716,3444373766,0,10,2147483647,10.678,85430,0
112,204.821,3444373766,4,10,2147483647,10.678,85430,0
113,251.639,3444373770,282,10,2147483647,15.197,121579,0
114,297.584,3444374052,0,10,2147483647,13.802,110419,0
115,301.652,3444374052,0,10,2147483647,13.802,110419,0
116,301.783,3444374052,1,10,2147483647,13.802,110419,0
117,301.804,3444374053,0,10,2147483647,13.802,110419,0
118,306.001,3444374054,0,10,2147483647,12.589,100712,0
