,Dtime,sequence,datalength,sndcwnd,sstresh,RTT_in_ms,srtt,ca_state
0,0.0,1471655959,0,10,2147483647,0.0,0,0
1,8.096,1471655960,0,10,2147483647,8.094,64752,0
2,8.122,1471655960,37,10,2147483647,8.094,64752,0
3,12.264,1471655997,0,10,2147483647,7.598,60785,0
4,12.308,1471655997,4,10,2147483647,7.598,60785,0
5,57.016,1471656001,136,10,2147483647,12.236,97891,0
6,61.225,2152884448,0,10,2147483647,0.0,0,0
7,65.398,2152884449,0,10,2147483647,4.174,33392,0
8,65.426,2152884449,37,10,2147483647,4.174,33392,0
9,106.873,1471656137,0,10,2147483647,11.224,89798,0
10,110.997,1471656137,0,10,2147483647,11.224,89798,0
11,111.026,2152884486,7240,10,2147483647,4.155,33247,0
12,111.033,2152891726,7240,10,2147483647,4.155,33247,0
13,115.11,2152898966,1448,10,2147483647,4.146,33173,1
14,115.202,2152884486,1448,8,7,4.144,33156,3
15,115.927,2152900414,1448,7,7,4.255,34040,3
16,116.05,2152901862,1448,7,7,4.35,34800,3
17,116.174,2152903310,1448,7,7,4.448,35589,3
18,116.295,2152904758,1448,7,7,4.55,36401,3
19,116.415,2152906206,1448,7,7,4.653,37230,3
20,119.141,2152907654,1448,7,7,4.575,36604,3
21,119.957,2152909102,2896,7,7,4.443,35551,0
22,120.201,2152911998,2896,7,7,4.346,34769,0
23,123.178,2152914894,2896,8,7,4.612,36903,0
24,123.186,2152917790,2896,8,7,4.612,36903,0
25,124.015,2152920686,2896,8,7,4.543,36347,0
26,124.238,2152923582,2896,8,7,4.48,35841,0
27,127.221,2152926478,2896,8,7,4.425,35401,0
28,127.473,2152929374,2896,8,7,4.407,35257,0
29,128.153,2152932270,2896,8,7,4.373,34987,0
30,128.322,2152935166,2896,8,7,4.337,34697,0
31,131.276,2152938062,2896,8,7,4.301,34414,0
32,131.571,2152940958,2896,8,7,4.276,34208,0
33,132.294,2152943854,2896,8,7,4.258,34070,0
34,132.471,2152946750,2896,8,7,4.244,33959,0
35,135.432,2152949646,2896,8,7,4.233,33866,0
36,135.606,2152952542,2896,8,7,4.208,33667,0
37,136.433,2152955438,2896,8,7,4.197,33578,0
38,136.593,2152958334,2896,8,7,4.169,33358,0
39,139.536,2152961230,1448,8,7,4.161,33290,0
40,139.545,2152962678,1448,8,7,4.155,33243,0
41,139.725,2152964126,2896,8,7,4.136,33091,0
42,140.572,2152967022,2896,8,7,4.141,33129,0
43,140.752,2152969918,2896,8,7,4.131,33052,0
44,143.638,2152972814,1448,8,7,4.127,33020,0
45,143.754,2152974262,2896,8,7,4.112,32898,0
46,144.653,2152977158,2896,8,7,4.109,32878,0
47,144.784,2152980054,2896,8,7,4.098,32787,0
48,144.853,2152982950,1448,8,7,4.098,32790,0
49,147.693,2152984398,1448,8,7,4.093,32746,0
50,147.793,2152985846,2896,8,7,4.079,32634,0
51,148.709,2152988742,2896,8,7,4.073,32586,0
52,148.923,2152991638,2896,8,7,4.076,32614,0
53,149.042,2152994534,1448,8,7,4.09,32726,0
54,151.752,2152995982,1448,8,7,4.086,32693,0
55,151.857,2152997430,2896,8,7,4.077,32616,0
56,152.752,2153000326,2896,8,7,4.068,32549,0
57,152.982,2153003222,2896,8,7,4.062,32501,0
58,153.103,2153006118,1448,8,7,4.062,32500,0
59,155.813,2153007566,2896,9,7,4.062,32498,0
60,155.891,2153010462,4344,10,7,4.054,32436,0
61,156.831,2153014806,4344,11,7,4.059,32477,0
62,157.014,2153019150,4344,12,7,4.052,32416,0
63,157.137,2153023494,2896,13,7,4.049,32397,0
64,159.874,2153026390,1448,13,7,4.05,32406,0
65,160.213,2153027838,5792,13,7,4.105,32843,0
66,161.1,2153033630,5792,13,7,4.095,32765,0
67,161.596,2153039422,4344,13,7,4.199,33595,0
68,161.6,2153043766,1448,13,7,4.199,33595,0
69,163.898,2153045214,1448,13,7,4.177,33419,0
70,164.476,2153046662,5792,13,7,4.158,33265,0
71,165.364,2153052454,5792,13,7,4.146,33174,0
72,165.625,2153058246,2896,13,7,4.118,32951,0
73,165.857,2153061142,2896,13,7,4.138,33109,0
74,167.921,2153064038,1448,13,7,4.124,32994,0
75,168.738,2153065486,5792,13,7,4.125,33004,0
76,169.623,2153071278,5792,13,7,4.126,33014,0
77,170.109,2153077070,5792,13,7,4.155,33241,0
78,171.945,2153082862,1448,13,7,4.138,33108,0
79,173.001,2153084310,5792,13,7,4.136,33089,0
80,173.887,2153090102,5792,13,7,4.132,33062,0
81,174.388,2153095894,5792,13,7,4.136,33089,0
82,175.966,2153101686,1448,13,7,4.121,32972,0
83,177.031,2153103134,1448,13,7,4.109,32878,0
84,177.915,2153104582,5792,13,7,4.112,32902,0
85,178.415,2153110374,5792,13,7,4.114,32918,0
86,180.468,2153116166,5792,13,7,4.174,33396,0
87,181.947,2153121958,2896,13,7,4.14,33125,0
88,182.181,2153124854,4344,13,7,4.147,33176,0
89,182.733,2153129198,5792,13,7,4.148,33185,0
90,184.737,2153134990,1448,13,7,4.162,33303,0
91,184.99,2153136438,4344,13,7,4.245,33964,0
92,186.004,2153140782,2896,13,7,4.196,33570,0
93,186.789,2153143678,5792,13,7,4.147,33181,0
94,189.15,2153149470,4344,13,7,4.191,33535,0
95,189.389,2153153814,4344,13,7,4.227,33817,0
96,190.118,2153158158,4344,13,7,4.223,33789,0
97,190.967,2153162502,5792,14,7,4.184,33477,0
98,191.081,2153168294,2896,15,7,4.198,33584,0
99,193.57,2153171190,1448,15,7,4.225,33805,0
100,193.934,2153172638,5792,17,7,4.342,34743,0
101,194.295,2153178430,7240,18,7,4.401,35208,0
102,195.016,2153185670,7240,19,7,4.311,34489,0
103,195.486,2153192910,5792,19,7,4.303,34431,0
104,197.787,2153198702,1448,19,7,4.292,34343,0
105,198.393,2153200150,7240,19,7,4.23,33840,0
106,198.525,2153207390,1448,19,7,4.229,33839,0
107,199.124,2153208838,7240,20,7,4.255,34045,0
108,199.609,2153216078,7240,20,7,4.268,34150,0
109,202.752,2153223318,5792,20,7,4.385,35081,0
110,203.358,2153229110,7240,20,7,4.565,36524,0
111,203.965,2153236350,7240,20,7,4.64,37124,0
112,204.449,2153243590,7240,21,7,4.698,37587,0
113,204.69,2153250830,2896,21,7,4.775,38201,0
114,207.597,2153253726,1448,21,7,4.783,38269,0
115,208.211,2153255174,7240,21,7,4.865,38921,0
116,208.812,2153262414,7240,21,7,4.906,39253,0
117,209.174,2153269654,4344,21,7,4.97,39763,0
118,209.669,2153273998,7240,22,7,5.002,40022,0
119,210.023,2153281238,4344,22,7,5.098,40784,0
120,212.574,2153285582,1448,22,7,5.082,40659,0
121,213.177,2153287030,7240,22,7,4.925,39404,0
122,213.78,2153294270,7240,22,7,4.843,38749,0
123,214.384,2153301510,7240,22,7,4.804,38438,0
124,214.698,1471656137,1,10,2147483647,11.224,89798,0
125,214.875,2153308750,7240,23,7,4.858,38866,0
126,216.947,2153315990,4344,23,7,4.832,38662,0
127,217.822,2153320334,8688,23,7,4.466,35733,0
128,218.424,2153329022,8688,23,7,4.293,34351,0
129,218.538,2153337710,1448,23,7,4.276,34211,0
130,218.993,1471656138,0,10,2147483647,10.358,82868,0
131,219.045,1471656138,4,10,2147483647,10.358,82868,0
132,268.938,1471656142,283,10,2147483647,15.3,122402,0
133,318.939,1471656425,0,10,2147483647,13.914,111314,0
134,323.272,1471656425,0,10,2147483647,13.914,111314,0
135,323.384,1471656425,1,10,2147483647,13.914,111314,0
136,323.398,1471656426,0,10,2147483647,13.914,111314,0
137,327.874,1471656427,0,10,2147483647,12.724,101797,0
