,Dtime,sequence,datalength,sndcwnd,sstresh,RTT_in_ms,srtt,ca_state
0,0.0,3748961004,0,10,2147483647,0.0,0,0
1,7.87,3748961005,0,10,2147483647,7.864,62912,0
2,7.897,3748961005,37,10,2147483647,7.864,62912,0
3,12.039,3748961042,0,10,2147483647,7.397,59183,0
4,12.09,3748961042,4,10,2147483647,7.397,59183,0
5,59.189,3748961046,136,10,2147483647,12.359,98878,0
6,63.411,3978705611,0,10,2147483647,0.0,0,0
7,67.539,3978705612,0,10,2147483647,4.122,32976,0
8,67.567,3978705612,37,10,2147483647,4.122,32976,0
9,105.139,3748961182,0,10,2147483647,11.329,90632,0
10,109.304,3748961182,0,10,2147483647,11.329,90632,0
11,109.341,3978705649,7240,10,2147483647,4.109,32879,0
12,109.348,3978712889,7240,10,2147483647,4.109,32879,0
13,113.433,3978720129,1448,10,2147483647,4.106,32849,1
14,113.514,3978705649,1448,8,7,4.114,32918,3
15,113.755,3978721577,1448,7,7,4.17,33360,3
16,113.874,3978723025,1448,7,7,4.214,33712,3
17,113.997,3978724473,1448,7,7,4.267,34142,3
18,114.127,3978725921,1448,7,7,4.331,34649,3
19,114.241,3978727369,1448,7,7,4.4,35205,3
20,117.473,3978728817,1448,7,7,4.354,34839,3
21,117.801,3978730265,2896,7,7,4.277,34217,0
22,118.026,3978733161,2896,7,7,4.22,33763,0
23,121.51,3978736057,2896,8,7,4.58,36641,0
24,121.517,3978738953,2896,8,7,4.58,36641,0
25,121.852,3978741849,2896,8,7,4.513,36105,0
26,122.074,3978744745,2896,8,7,4.454,35637,0
27,125.562,3978747641,2896,8,7,4.403,35225,0
28,125.808,3978750537,2896,8,7,4.389,35112,0
29,126.036,3978753433,2896,8,7,4.362,34901,0
30,126.28,3978756329,2896,8,7,4.342,34739,0
31,129.617,3978759225,2896,8,7,4.305,34447,0
32,129.871,3978762121,2896,8,7,4.275,34201,0
33,130.082,3978765017,2896,8,7,4.246,33969,0
34,130.332,3978767913,2896,8,7,4.221,33772,0
35,133.658,3978770809,2896,8,7,4.198,33585,0
36,133.915,3978773705,2896,8,7,4.178,33427,0
37,134.143,3978776601,2896,8,7,4.163,33305,0
38,134.381,3978779497,2896,8,7,4.148,33189,0
39,137.719,3978782393,2896,8,7,4.136,33089,0
40,137.96,3978785289,2896,8,7,4.113,32906,0
41,138.264,3978788185,2896,8,7,4.114,32915,0
42,138.437,3978791081,2896,8,7,4.099,32799,0
43,141.765,3978793977,1448,8,7,4.092,32740,0
44,141.992,3978795425,2896,8,7,4.084,32675,0
45,142.312,3978798321,2896,8,7,4.075,32604,0
46,142.482,3978801217,2896,8,7,4.069,32554,0
47,142.54,3978804113,1448,8,7,4.073,32585,0
48,145.808,3978805561,1448,8,7,4.068,32548,0
49,146.036,3978807009,2896,8,7,4.061,32493,0
50,146.377,3978809905,2896,8,7,4.061,32490,0
51,146.595,3978812801,2896,8,7,4.064,32516,0
52,146.724,3978815697,1448,8,7,4.078,32630,0
53,149.859,3978817145,1448,8,7,4.073,32589,0
54,150.087,3978818593,2896,8,7,4.066,32533,0
55,150.426,3978821489,2896,8,7,4.061,32491,0
56,150.646,3978824385,2896,8,7,4.057,32463,0
57,150.768,3978827281,1448,8,7,4.055,32446,0
58,153.907,3978828729,2896,9,7,4.054,32432,0
59,154.215,3978831625,4344,10,7,4.069,32559,0
60,154.478,3978835969,4344,11,7,4.064,32516,0
61,154.702,3978840313,4344,12,7,4.059,32474,0
62,154.817,3978844657,2896,13,7,4.057,32457,0
63,157.951,3978847553,1448,13,7,4.054,32435,0
64,158.367,3978849001,5792,13,7,4.068,32549,0
65,158.845,3978854793,5792,13,7,4.1,32805,0
66,159.208,3978860585,4344,13,7,4.19,33527,0
67,159.338,3978864929,1448,13,7,4.231,33855,0
68,161.992,3978866377,1448,13,7,4.206,33655,0
69,162.669,3978867825,4344,13,7,4.183,33466,0
70,162.947,3978872169,4344,13,7,4.156,33249,0
71,163.375,3978876513,5792,13,7,4.16,33280,0
72,163.621,3978882305,2896,13,7,4.188,33510,0
73,166.033,3978885201,1448,13,7,4.17,33360,0
74,166.977,3978886649,5792,13,7,4.131,33055,0
75,167.44,3978892441,5792,13,7,4.124,32995,0
76,167.926,3978898233,4344,13,7,4.175,33406,0
77,167.934,3978902577,1448,13,7,4.175,33406,0
78,170.417,3978904025,1448,13,7,4.201,33609,0
79,171.235,3978905473,4344,13,7,4.176,33412,0
80,171.617,3978909817,5792,13,7,4.158,33268,0
81,172.103,3978915609,5792,13,7,4.148,33190,0
82,172.233,3978921401,1448,13,7,4.168,33344,0
83,174.45,3978922849,1448,13,7,4.15,33203,0
84,175.65,3978924297,5792,13,7,4.114,32917,0
85,176.152,3978930089,5792,13,7,4.121,32974,0
86,176.518,3978935881,5792,13,7,4.157,33256,0
87,178.845,3978941673,1448,13,7,4.185,33486,0
88,179.953,3978943121,5792,13,7,4.171,33374,0
89,180.422,3978948913,5792,13,7,4.157,33260,0
90,180.94,3978954705,4344,13,7,4.192,33537,0
91,183.253,3978959049,2896,13,7,4.218,33746,0
92,184.248,3978961945,4344,13,7,4.189,33515,0
93,184.592,3978966289,5792,13,7,4.156,33248,0
94,185.099,3978972081,5792,13,7,4.143,33145,0
95,187.645,3978977873,1448,13,7,4.173,33387,0
96,188.395,3978979321,5792,13,7,4.17,33365,0
97,188.884,3978985113,5792,13,7,4.161,33292,0
98,189.257,3978990905,5792,14,7,4.137,33099,0
99,189.385,3978996697,1448,14,7,4.155,33242,0
100,191.69,3978998145,1448,14,7,4.14,33127,0
101,192.569,3978999593,5792,15,7,4.126,33015,0
102,193.04,3979005385,5792,16,7,4.123,32985,0
103,193.401,3979011177,5792,16,7,4.13,33045,0
104,193.648,3979016969,2896,16,7,4.177,33420,0
105,193.784,3979019865,1448,16,7,4.204,33639,0
106,196.431,3979021313,1448,16,7,4.271,34171,0
107,196.945,3979022761,5792,16,7,4.257,34059,0
108,197.424,3979028553,5792,16,7,4.241,33933,0
109,197.926,3979034345,5792,16,7,4.284,34278,0
110,198.275,3979040137,4344,16,7,4.344,34759,0
111,200.646,3979044481,1448,16,7,4.328,34624,0
112,201.225,3979045929,5792,16,7,4.254,34035,0
113,201.701,3979051721,5792,16,7,4.21,33687,0
114,202.207,3979057513,5792,16,7,4.188,33507,0
115,202.569,3979063305,4344,16,7,4.185,33484,0
116,204.673,3979067649,1448,16,7,4.165,33322,0
117,205.488,3979069097,5792,16,7,4.15,33206,0
118,205.972,3979074889,5792,16,7,4.143,33146,0
119,206.464,3979080681,5792,16,7,4.139,33117,0
120,206.597,3979086473,1448,16,7,4.125,33003,0
121,208.701,3979087921,4344,16,7,4.136,33089,0
122,209.759,3979092265,5792,16,7,4.135,33080,0
123,210.248,3979098057,5792,16,7,4.141,33135,0
124,210.755,3979103849,5792,16,7,4.145,33166,0
125,212.763,3979109641,2896,16,7,4.147,33180,0
126,213.835,3979112537,4344,16,7,4.133,33071,0
127,214.305,3979116881,5792,16,7,4.141,33132,0
128,214.825,3979122673,5792,16,7,4.144,33156,0
129,216.823,3979128465,5792,16,7,4.149,33197,0
130,217.903,3979134257,2896,16,7,4.131,33052,0
131,218.386,3979137153,5792,16,7,4.116,32934,0
132,218.927,3979142945,5792,16,7,4.13,33043,0
133,220.91,3979148737,4344,16,7,4.146,33168,0
134,221.011,3748961182,1,10,2147483647,11.329,90632,0
135,221.964,3979153081,5792,16,7,4.153,33230,0
136,222.548,3979158873,5792,16,7,4.132,33058,0
137,223.08,3979164665,5792,16,7,4.133,33066,0
138,225.005,3979170457,2896,16,7,4.142,33143,0
139,225.31,3748961183,0,10,2147483647,10.45,83601,0
140,225.384,3748961183,4,10,2147483647,10.45,83601,0
141,271.185,3748961187,281,10,2147483647,14.867,118942,0
142,317.127,3748961468,0,10,2147483647,13.52,108162,0
143,321.216,3748961468,0,10,2147483647,13.52,108162,0
144,321.32,3748961468,1,10,2147483647,13.52,108162,0
145,321.338,3748961469,0,10,2147483647,13.52,108162,0
146,325.735,3748961470,0,10,2147483647,12.345,98766,0
